17505 1081559243.571429 0.702988 -0.246063 -0.158173 0.527241 0.0 0.087873 0.0
17506 1081610003.571429 0.702988 -0.246063 -0.158173 0.615114 0.0 0.087873 0.0
17507 1081661488.714286 0.702988 -0.246063 -0.158173 0.615114 0.0 0.087873 0.0
17508 1081713907.857143 0.702988 -0.246063 -0.158173 0.527241 0.0 0.087873 0.0
17509 1081765452.714286 0.615114 -0.246063 -0.158173 0.527241 0.0 0.087873 0.0
17510 1081816733.428571 0.702988 -0.246063 -0.158173 0.527241 0.0 0.087873 0.0
17511 1081868469.000000 0.702988 -0.246063 -0.158173 0.527241 0.0 0.087873 0.0
17512 1081919796.714286 0.702988 -0.246063 -0.158173 0.615114 0.0 0.087873 0.0
17513 1081971551.428571 0.615114 -0.246063 0.0 0.615114 0.0 0.087873 0.0
17514 1082022786.714286 0.615114 -0.246063 -0.158173 0.615114 0.0 0.087873 0.0
17515 1082074270.428571 0.615114 -0.246063 -0.158173 0.615114 0.0 0.087873 0.0
17516 1082125971.571429 0.702988 -0.246063 -0.158173 0.527241 0.0 0.087873 0.0
17517 1082177303.571429 0.702988 -0.246063 0.0 0.615114 0.0 0.087873 0.0
17518 1082228486.285714 0.702988 -0.246063 -0.158173 0.615114 0.0 0.087873 0.0
17519 1082277582.857143 0.615114 -0.246063 -0.158173 0.527241 0.0 0.087873 0.0
17520 1082331376.285714 0.615114 -0.246063 -0.158173 0.527241 0.0 0.087873 0.0
17521 1082381299.857143 0.702988 -0.246063 -0.158173 0.527241 0.0 0.087873 0.0
17522 1082434704.857143 0.615114 -0.246063 -0.158173 0.527241 0.0 0.087873 0.0
17523 1082485837.571429 0.702988 -0.246063 -0.158173 0.615114 0.0 0.087873 0.0
17524 1082537496.142857 0.702988 -0.246063 -0.158173 0.527241 0.0 0.087873 0.0
17525 1082588964.428571 0.702988 -0.246063 -0.158173 0.527241 0.0 0.087873 0.0
17526 1082638087.428571 0.702988 -0.246063 -0.158173 0.527241 0.0 0.087873 0.0
17527 1082691272.571429 0.702988 -0.246063 -0.158173 0.615114 0.0 0.087873 0.0
17528 1082742857.714286 0.702988 -0.246063 -0.158173 0.527241 0.0 0.087873 0.0
17529 1082794855.714286 0.702988 -0.246063 -0.158173 0.615114 0.0 0.087873 0.0
17530 1082846515.285714 0.702988 -0.246063 -0.158173 0.527241 0.0 0.087873 0.0
17531 1082897753.285714 0.702988 -0.246063 -0.158173 0.615114 0.0 0.087873 0.0
17532 1082947027.285714 0.702988 -0.246063 -0.158173 0.615114 0.0 0.087873 0.0
17533 1083000711.428571 0.702988 -0.246063 0.0 0.527241 0.0 0.087873 0.0
17534 1083052106.714286 0.615114 -0.246063 0.0 0.615114 0.0 0.087873 0.0
17535 1083103411.714286 0.702988 -0.246063 0.0 0.527241 0.0 0.087873 0.0
17536 1083154996.142857 0.615114 -0.246063 0.0 0.615114 0.0 0.087873 0.0
17537 1083206423.857143 0.702988 -0.246063 0.0 0.615114 0.0 0.087873 0.0
17538 1083257924.857143 0.702988 -0.246063 0.0 0.615114 0.0 0.087873 0.0
17539 1083308169.571429 0.702988 -0.246063 0.087873 0.615114 0.0 0.087873 0.0
17540 1083360733.571429 0.702988 -0.333923 0.087873 0.527241 0.0 0.087873 0.0
17541 1083412446.285714 0.702988 -0.509674 0.087873 0.527241 0.0 0.087873 0.0
17542 1083463865.285714 0.702988 -0.685425 0.087873 0.527241 0.0 0.087873 0.0
17543 1083512920.285714 0.702988 -0.861176 0.087873 0.527241 0.0 0.087873 0.0
17544 1083566828.571429 0.702988 -1.300537 0.087873 0.527241 0.0 0.087873 0.0
17545 1083617887.714286 0.702988 -1.827759 0.087873 0.527241 0.0 0.087873 0.0
17546 1083669780.000000 0.702988 -2.530762 0.087873 0.527241 0.0 0.087873 0.0
17547 1083721155.142857 0.702988 -3.409485 0.087873 0.527241 0.0 0.087873 0.0
17548 1083770426.571429 0.702988 -4.288239 0.087873 0.615114 0.0 0.087873 0.0
17549 1083822818.714286 0.702988 -5.254822 0.087873 0.527241 0.0 0.087873 0.0
17550 1083875502.714286 0.702988 -6.309326 0.087873 0.615114 0.0 0.087873 0.0
17551 1083926870.428571 0.702988 -7.27594 0.087873 0.527241 0.0 0.087873 0.0
17552 1083978708.428571 0.702988 -8.242523 0.087873 0.615114 0.0 0.087873 0.0
17553 1084029606.571429 0.702988 -9.209137 0.087873 0.615114 0.0 0.087873 0.0
17554 1084081449.142857 0.702988 -10.087891 0.087873 0.615114 0.0 0.087873 0.0
17555 1084132928.142857 0.702988 -10.966614 0.087873 0.615114 0.0 0.087873 0.0
17556 1084183625.571429 0.702988 -11.845337 0.087873 0.615114 0.0 0.087873 0.0
17557 1084235648.857143 0.702988 -12.724091 0.087873 0.527241 0.0 0.087873 0.0
17558 1084287400.000000 0.702988 -13.602814 0.0 0.615114 0.0 0.087873 0.0
17559 1084338887.142857 0.702988 -14.481537 0.0 0.527241 0.0 0.087873 0.0
17560 1084389749.714286 0.702988 -15.2724 0.0 0.615114 0.0 0.087873 0.0
17561 1084441931.714286 0.702988 -16.151154 0.0 0.527241 0.0 0.087873 0.0
17562 1084493145.000000 0.702988 -17.029877 0.0 0.615114 0.0 0.087873 0.0
17563 1084544566.142857 0.702988 -17.9086 -0.158173 0.615114 0.0 0.087873 0.0
17564 1084596125.000000 0.702988 -18.699463 -0.158173 0.615114 0.0 0.087873 0.0
17565 1084647239.571429 0.702988 -19.402466 -0.158173 0.615114 0.0 0.087873 0.0
17566 1084699116.285714 0.702988 -20.281189 -0.158173 0.527241 0.0 0.087873 0.0
17567 1084750495.285714 0.702988 -21.072052 -0.158173 0.615114 0.0 0.087873 0.0
17568 1084802116.857143 0.702988 -21.775055 -0.158173 0.527241 0.0 0.087873 0.0
17569 1084853633.285714 0.702988 -22.478027 -0.158173 0.527241 0.0 0.087873 0.0
17570 1084904927.714286 0.702988 -23.18103 -0.158173 0.615114 0.0 0.087873 0.0
17571 1084954139.714286 0.702988 -23.796143 -0.158173 0.527241 0.0 0.087873 0.0
17572 1085007904.142857 0.702988 -24.499115 -0.246063 0.615114 0.0 0.087873 0.0
17573 1085059106.571429 0.702988 -25.202118 -0.246063 0.615114 0.0 0.087873 0.0
17574 1085110255.285714 0.702988 -25.72934 -0.246063 0.615114 0.0 0.26362 0.0
17575 1085162033.857143 0.702988 -26.168732 -0.246063 0.615114 0.0 0.615114 0.0
17576 1085213284.714286 0.702988 -26.520203 -0.246063 0.615114 0.0 0.878735 0.0
17577 1085264977.428571 0.878735 -26.608093 -0.246063 0.615114 0.0 1.142355 0.0
17578 1085316725.428571 1.405975 -26.695953 -0.246063 0.790861 0.0 1.230228 0.0
17579 1085366933.857143 2.108963 -26.783844 -0.246063 1.142355 0.0 1.318102 0.0
17580 1085417637.000000 2.987698 -27.047455 -0.246063 1.405975 0.0 1.318102 0.0
17581 1085469798.285714 3.778559 -27.223206 -0.246063 1.581722 0.0 1.318102 0.0
17582 1085520327.428571 4.481546 -27.486816 -0.246063 1.581722 0.0 1.318102 0.0
17583 1085571931.428571 5.096661 -27.574707 -0.246063 1.669596 0.0 1.318102 0.0
17584 1085623810.857143 5.536028 -27.574707 -0.246063 1.669596 0.0 1.318102 0.0
17585 1085676719.285714 6.063269 -27.662567 -0.246063 1.669596 0.0 1.318102 0.0
17586 1085727334.285714 6.502636 -27.750458 -0.246063 1.669596 0.0 1.318102 0.0
17587 1085778456.857143 7.11775 -27.750458 -0.246063 1.757469 0.0 1.318102 0.0
17588 1085829644.142857 7.820738 -27.750458 -0.246063 1.933216 0.0 1.318102 0.0
17589 1085882831.857143 8.611599 -27.750458 -0.246063 2.28471 0.0 1.318102 0.0
17590 1085934542.000000 9.314587 -27.926178 -0.158173 2.460457 0.0 1.318102 0.0
17591 1085985626.000000 9.929701 -28.101929 -0.158173 2.460457 0.0 1.318102 0.0
17592 1086037247.428571 10.544815 -28.277679 -0.158173 2.460457 0.0 1.318102 0.0
17593 1086087660.428571 11.072056 -28.54129 -0.158173 2.460457 0.0 1.318102 0.0
17594 1086138973.571429 11.68717 -28.629181 -0.158173 2.460457 0.0 1.318102 0.0
17595 1086191326.857143 12.214411 -28.629181 -0.158173 2.460457 0.0 1.318102 0.0
17596 1086240402.000000 12.917398 -28.629181 -0.158173 2.460457 0.0 1.318102 0.0
17597 1086292659.142857 13.70826 -28.629181 -0.158173 2.54833 0.0 1.318102 0.0
17598 1086345873.285714 14.586994 -28.629181 -0.246063 2.54833 0.0 1.318102 0.0
17599 1086397450.285714 15.465729 -28.629181 -0.158173 2.54833 0.0 1.318102 0.0
17600 1086448459.000000 16.344463 -28.629181 -0.158173 2.724077 0.0 1.318102 0.0
17601 1086500230.142857 17.047451 -28.629181 -0.158173 2.811951 0.0 1.318102 0.0
17602 1086551734.000000 17.574692 -28.629181 0.0 3.163445 0.0 1.318102 0.0
17603 1086601864.428571 17.750439 -28.629181 -0.158173 3.602812 0.0 1.318102 0.0
17604 1086652549.857143 17.838312 -28.629181 -0.158173 4.042179 0.0 1.318102 0.0
17605 1086705585.571429 17.926186 -28.54129 -0.158173 4.657293 0.0 1.318102 0.0
17606 1086756222.142857 18.014059 -28.54129 -0.158173 5.360281 0.0 1.318102 0.0
17607 1086807226.000000 18.277679 -28.54129 -0.158173 6.151142 0.0 1.318102 0.0
17608 1086859093.428571 18.453426 -28.54129 -0.158173 7.029877 0.0 1.318102 0.0
17609 1086910368.428571 18.5413 -28.54129 -0.158173 7.996485 0.0 1.318102 0.0
17610 1086963358.857143 18.717047 -28.54129 -0.158173 9.050966 0.0 1.318102 0.0
17611 1087014699.285714 19.068541 -28.54129 -0.158173 10.193321 0.0 1.318102 0.0
17612 1087066368.857143 19.507908 -28.54129 -0.158173 11.42355 0.0 1.318102 0.0
17613 1087115846.000000 19.859402 -28.54129 -0.158173 12.478031 0.0 1.318102 0.0
17614 1087168274.714286 20.298769 -28.54129 -0.158173 13.620386 0.0 1.318102 0.0
17615 1087221179.714286 20.738136 -28.629181 -0.158173 14.762741 0.0 1.318102 0.0
17616 1087272190.571429 21.177504 -28.629181 0.0 15.729349 0.0 1.318102 0.0
17617 1087323833.571429 21.704744 -28.629181 0.0 16.608084 0.0 1.318102 0.0
17618 1087375280.571429 22.056238 -28.629181 0.0 17.398945 0.0 1.318102 0.0
17619 1087426683.142857 22.495605 -28.629181 0.0 18.189806 0.0 1.318102 0.0
17620 1087477894.142857 22.934973 -28.629181 0.0 18.892794 0.0 1.318102 0.0
17621 1087529132.571429 23.286467 -28.629181 0.087873 19.683655 0.0 1.318102 0.0
17622 1087579309.714286 23.63796 -28.629181 0.087873 20.386642 0.0 1.318102 0.0
17623 1087631593.428571 23.989454 -28.629181 0.087873 21.08963 0.0 1.318102 0.0
17624 1087682644.142857 24.077328 -28.629181 0.087873 21.968365 0.0 1.318102 0.0
17625 1087735532.571429 24.165201 -28.629181 0.0 22.759226 0.0 1.318102 0.0
17626 1087787136.571429 24.165201 -28.629181 0.0 23.725834 0.0 1.318102 0.0
17627 1087838511.142857 24.165201 -28.629181 0.0 24.692442 0.0 1.318102 0.0
17628 1087889885.571429 24.165201 -28.629181 0.0 25.746923 0.0 1.318102 0.0
17629 1087941438.142857 24.165201 -28.629181 0.0 26.713531 0.0 1.318102 0.0
17630 1087992779.714286 24.165201 -28.629181 0.0 27.68014 0.0 1.318102 0.0
17631 1088044030.714286 24.165201 -28.629181 0.0 28.558874 0.0 1.318102 0.0
17632 1088095559.285714 24.165201 -28.629181 0.0 29.437609 0.0 1.318102 0.0
17633 1088147082.571429 24.165201 -28.629181 0.0 30.316343 0.0 1.318102 0.0
17634 1088196645.428571 24.165201 -28.54129 -0.158173 31.195078 0.0 1.318102 0.0
17635 1088250108.428571 24.428822 -28.54129 0.0 32.161686 0.0 1.318102 0.0
17636 1088301619.714286 24.780315 -28.54129 0.0 33.040421 0.0 1.318102 0.0
17637 1088353186.285714 25.219683 -28.54129 0.0 33.831284 0.0 1.318102 0.0
17638 1088403254.571429 25.483303 -28.54129 0.0 34.622143 0.0 1.318102 0.0
17639 1088455915.857143 25.571177 -28.54129 0.0 35.413006 0.0 1.318102 0.0
17640 1088507504.571429 25.746923 -28.54129 0.0 36.115993 0.0 1.318102 0.0
17641 1088559077.142857 25.746923 -28.54129 0.0 36.731106 0.0 1.318102 0.0
17642 1088610367.714286 25.746923 -28.54129 0.0 37.434093 0.0 1.318102 0.0
17643 1088661815.571429 25.834797 -28.54129 0.0 38.137081 0.0 1.318102 0.0
17644 1088713449.571429 25.834797 -28.54129 0.0 38.840069 0.0 1.318102 0.0
17645 1088764610.142857 25.92267 -28.54129 0.0 39.630932 0.0 1.318102 0.0
17646 1088816319.857143 26.098417 -28.54129 0.0 40.421791 0.0 1.318102 0.0
17647 1088867914.285714 26.274164 -28.629181 0.0 41.124779 0.0 1.318102 0.0
17648 1088919188.714286 26.362038 -28.54129 0.0 41.739895 0.0 1.318102 0.0
17649 1088970582.285714 26.362038 -28.54129 0.0 42.355007 0.0 1.318102 0.0
17650 1089022025.428571 26.362038 -28.54129 0.0 42.882248 0.0 1.318102 0.0
17651 1089073719.857143 26.362038 -28.54129 0.0 43.409489 0.0 1.318102 0.0
17652 1089125079.142857 26.362038 -28.54129 0.0 43.848858 0.0 1.318102 0.0
17653 1089176724.857143 26.362038 -28.54129 0.0 44.200352 0.0 1.318102 0.0
17654 1089228132.571429 26.449911 -28.629181 0.0 44.46397 0.0 1.318102 0.0
17655 1089279387.000000 26.449911 -28.629181 0.0 44.903339 0.0 1.318102 0.0
17656 1089330870.857143 26.537785 -28.54129 0.0 45.43058 0.0 1.318102 0.0
17657 1089382243.857143 26.537785 -28.54129 0.0 45.957821 0.0 1.318102 0.0
17658 1089433968.428571 26.625658 -28.629181 0.0 46.660809 0.0 1.318102 0.0
17659 1089485435.000000 26.889278 -28.54129 0.0 47.275921 0.0 1.318102 0.0
17660 1089536768.142857 27.065025 -28.54129 0.0 47.891037 0.0 1.318102 0.0
17661 1089585970.000000 27.328646 -28.54129 0.087873 48.418278 0.0 1.318102 0.0
17662 1089638310.285714 27.416519 -28.54129 0.087873 48.857643 0.0 1.318102 0.0
17663 1089691027.285714 27.504393 -28.54129 0.0 49.209137 0.0 1.318102 0.0
17664 1089742531.000000 27.504393 -28.54129 0.087873 49.472759 0.0 1.318102 0.0
17665 1089793856.428571 27.504393 -28.629181 0.087873 49.648506 0.0 1.318102 0.0
17666 1089845742.571429 27.504393 -28.629181 0.087873 49.736378 0.0 1.318102 0.0
17667 1089896975.857143 27.504393 -28.629181 0.087873 49.824253 0.0 1.318102 0.0
17668 1089946914.285714 27.504393 -28.54129 0.087873 49.824253 0.0 1.230228 0.0
17669 1089999566.428571 27.504393 -28.54129 0.087873 49.824253 0.0 1.230228 0.0
17670 1090050213.142857 27.504393 -28.54129 0.087873 49.824253 0.0 1.230228 0.0
17671 1090101258.714286 27.504393 -28.54129 0.087873 49.824253 0.0 1.230228 0.0
17672 1090152086.142857 27.504393 -28.54129 0.087873 49.824253 0.0 1.230228 0.0
17673 1090204231.000000 27.504393 -28.54129 0.175747 49.824253 0.0 1.142355 0.0
17674 1090256418.857143 27.504393 -28.54129 0.175747 49.824253 0.0 1.054482 0.0
17675 1090308786.142857 27.504393 -28.54129 0.175747 49.824253 0.0 1.054482 0.0
17676 1090359957.000000 27.504393 -28.54129 0.175747 49.824253 0.0 1.054482 0.0
17677 1090411761.714286 27.504393 -28.54129 0.175747 49.824253 0.0 1.054482 0.0
17678 1090460921.571429 27.504393 -28.54129 0.175747 49.824253 0.0 0.966608 0.0
17679 1090514677.142857 27.504393 -28.54129 0.175747 49.824253 0.0 0.966608 0.0
17680 1090566082.142857 27.504393 -28.54129 0.175747 49.824253 0.0 0.966608 0.0
17681 1090616597.000000 27.504393 -28.54129 0.175747 49.824253 0.0 0.966608 0.0
17682 1090668165.857143 27.504393 -28.54129 0.175747 49.824253 0.0 0.966608 0.0
17683 1090720291.571429 27.504393 -28.54129 0.175747 49.824253 0.0 0.966608 0.0
17684 1090771505.142857 27.504393 -28.54129 0.175747 49.824253 0.0 0.966608 0.0
17685 1090823557.142857 27.504393 -28.54129 0.175747 49.824253 0.0 0.966608 0.0
17686 1090873017.857143 27.504393 -28.54129 0.175747 49.824253 0.0 0.966608 0.0
17687 1090925702.857143 27.504393 -28.54129 0.175747 49.824253 0.0 0.966608 0.0
17688 1090976386.000000 27.504393 -28.54129 0.175747 49.824253 0.0 0.966608 0.0
17689 1091029034.714286 27.504393 -28.54129 0.175747 49.824253 0.0 0.966608 0.0
17690 1091078523.714286 27.504393 -28.54129 0.175747 49.824253 0.0 0.966608 0.0
17691 1091130697.142857 27.504393 -28.54129 0.175747 49.824253 0.0 0.966608 0.0
17692 1091180807.000000 27.504393 -28.54129 0.175747 49.824253 0.0 0.966608 0.0
17693 1091235096.142857 27.504393 -28.54129 0.175747 49.824253 0.0 0.966608 0.0
17694 1091284991.428571 27.504393 -28.54129 0.175747 49.824253 0.0 0.966608 0.0
17695 1091338190.857143 27.504393 -28.54129 0.175747 49.824253 0.0 0.966608 0.0
17696 1091386842.285714 27.504393 -28.54129 0.175747 49.824253 0.0 0.966608 0.0
17697 1091441107.285714 27.504393 -28.54129 0.175747 49.824253 0.0 0.878735 0.0
17698 1091492436.285714 27.504393 -28.54129 0.175747 49.824253 0.0 0.878735 0.0
17699 1091542806.428571 27.504393 -28.54129 0.175747 49.824253 0.0 0.878735 0.0
17700 1091593525.571429 27.504393 -28.54129 0.175747 49.824253 0.0 0.790861 0.0
17701 1091646593.571429 27.504393 -28.45343 0.175747 49.824253 0.0 0.702988 0.0
17702 1091698192.571429 27.504393 -28.45343 0.175747 49.824253 0.0 0.702988 0.0
17703 1091749250.428571 27.416519 -28.36557 0.175747 49.824253 0.0 0.702988 0.0
17704 1091798885.571429 27.416519 -28.277679 0.087873 49.824253 0.0 0.702988 0.0
17705 1091852750.142857 27.328646 -28.189819 0.0 49.824253 0.0 0.702988 0.0
17706 1091904017.714286 27.328646 -28.189819 0.0 49.824253 0.0 0.702988 0.0
17707 1091955530.857143 27.328646 -28.101929 0.0 49.824253 0.0 0.702988 0.0
17708 1092007036.428571 27.328646 -28.101929 0.0 49.824253 0.0 0.702988 0.0
17709 1092058706.571429 27.328646 -28.101929 0.0 49.824253 0.0 0.702988 0.0
17710 1092109869.571429 27.328646 -28.101929 0.0 49.824253 0.0 0.702988 0.0
17711 1092161603.714286 27.328646 -28.101929 0.0 49.824253 0.0 0.702988 0.0
17712 1092213110.000000 27.328646 -28.101929 0.0 49.824253 0.0 0.702988 0.0
17713 1092264494.571429 27.328646 -28.189819 0.0 49.824253 0.0 0.702988 0.0
17714 1092315777.428571 27.328646 -28.189819 0.0 49.824253 0.0 0.702988 0.0
17715 1092367000.571429 27.328646 -28.189819 -0.246063 49.824253 0.0 0.702988 0.0
17716 1092416276.857143 27.328646 -28.189819 -0.509674 49.824253 -0.158173 0.702988 0.0
17717 1092468198.000000 27.328646 -28.189819 -0.773285 49.824253 -0.158173 0.702988 0.0
17718 1092521886.571429 27.328646 -28.101929 -1.124786 49.824253 -0.158173 0.702988 0.0
17719 1092573342.571429 27.328646 -28.189819 -2.0914 49.824253 -0.158173 0.702988 0.0
17720 1092623050.428571 27.328646 -28.189819 -3.321625 49.824253 -0.158173 0.702988 0.0
17721 1092675449.428571 27.328646 -28.277679 -4.639709 49.824253 -0.158173 0.702988 0.0
17722 1092726018.714286 27.328646 -28.277679 -5.606323 49.824253 -0.158173 0.702988 0.0
17723 1092777350.428571 27.328646 -28.36557 -6.045685 49.824253 -0.158173 0.702988 0.0
17724 1092828246.428571 27.328646 -28.45343 -6.045685 49.824253 -0.158173 0.702988 0.0
17725 1092881920.428571 27.328646 -28.54129 -6.133575 49.824253 -0.158173 0.702988 0.0
17726 1092933031.857143 27.328646 -28.54129 -6.133575 49.824253 -0.158173 0.702988 0.0
17727 1092982899.285714 27.328646 -28.54129 -6.133575 49.824253 -0.158173 0.702988 0.0
17728 1093035706.571429 27.328646 -28.54129 -6.485077 49.824253 -0.158173 0.702988 0.0
17729 1093087828.714286 27.328646 -28.54129 -7.539551 49.824253 -0.158173 0.702988 0.0
17730 1093138548.857143 27.328646 -28.54129 -8.594025 49.824253 -0.158173 0.702988 0.0
17731 1093189891.285714 27.328646 -28.54129 -9.824249 49.824253 -0.158173 0.702988 0.0
17732 1093242261.000000 27.328646 -28.54129 -10.878723 49.824253 -0.158173 0.702988 0.0
17733 1093293649.285714 27.328646 -28.54129 -11.669586 49.824253 -0.158173 0.702988 0.0
17734 1093345466.000000 27.328646 -28.54129 -12.372589 49.824253 -0.158173 0.702988 0.0
17735 1093396495.142857 27.328646 -28.54129 -13.251312 49.824253 -0.158173 0.702988 0.0
17736 1093447198.142857 27.328646 -28.54129 -13.866425 49.824253 -0.158173 0.702988 0.0
17737 1093497978.571429 27.328646 -28.54129 -15.008789 49.824253 -0.158173 0.702988 0.0
17738 1093549356.285714 27.328646 -28.54129 -15.975403 49.824253 -0.158173 0.702988 0.0
17739 1093602529.000000 27.328646 -28.54129 -17.117767 49.824253 -0.158173 0.702988 0.0
17740 1093652444.571429 27.328646 -28.54129 -18.260101 49.824253 -0.158173 0.702988 0.0
17741 1093705221.714286 27.328646 -28.54129 -19.402466 49.824253 -0.158173 0.702988 0.0
17742 1093756645.714286 27.328646 -28.54129 -20.54483 49.824253 -0.158173 0.702988 0.0
17743 1093806653.428571 27.328646 -28.54129 -21.687164 49.824253 0.0 0.702988 0.0
17744 1093859503.714286 27.328646 -28.54129 -22.829529 49.824253 -0.158173 0.702988 0.0
17745 1093909836.000000 27.328646 -28.54129 -24.059753 49.824253 -0.158173 0.702988 0.0
17746 1093962264.285714 27.328646 -28.45343 -25.289978 49.824253 -0.158173 0.702988 0.0
17747 1094014328.285714 27.328646 -28.45343 -26.432343 49.824253 0.0 0.702988 0.0
17748 1094065387.428571 27.416519 -28.45343 -27.750458 49.824253 -0.158173 0.702988 0.0
17749 1094116983.428571 27.328646 -28.45343 -29.068542 49.824253 -0.158173 0.702988 0.0
17750 1094168385.857143 27.328646 -28.45343 -30.210907 49.824253 -0.158173 0.702988 0.0
17751 1094218682.571429 27.328646 -28.45343 -31.441132 49.824253 -0.158173 0.702988 0.0
17752 1094271568.714286 27.328646 -28.45343 -32.671356 49.824253 -0.158173 0.702988 0.0
17753 1094322065.714286 27.328646 -28.45343 -33.63797 49.824253 -0.158173 0.702988 0.0
17754 1094372349.285714 27.328646 -28.45343 -34.868195 49.824253 -0.158173 0.702988 0.0
17755 1094424635.428571 27.328646 -28.45343 -35.922668 49.824253 -0.158173 0.702988 0.0
17756 1094476743.714286 27.328646 -28.45343 -36.889282 49.824253 -0.158173 0.702988 0.0
17757 1094527303.857143 27.328646 -28.45343 -37.416534 49.824253 -0.158173 0.702988 0.0
17758 1094579068.142857 27.328646 -28.54129 -37.592285 49.824253 -0.158173 0.702988 0.0
17759 1094631520.142857 27.328646 -28.54129 -37.592285 49.824253 -0.158173 0.702988 0.0
17760 1094681952.571429 27.328646 -28.54129 -37.592285 49.824253 -0.158173 0.702988 0.0
17761 1094734102.857143 27.328646 -28.54129 -37.592285 49.824253 -0.158173 0.702988 0.0
17762 1094784775.714286 27.328646 -28.54129 -37.504395 49.824253 -0.158173 0.702988 0.0
17763 1094835667.714286 27.328646 -28.54129 -37.240784 49.824253 -0.158173 0.702988 0.0
17764 1094888177.571429 27.328646 -28.54129 -35.834808 49.824253 -0.158173 0.702988 0.0
17765 1094939159.000000 27.328646 -28.54129 -33.63797 49.824253 -0.158173 0.702988 0.0
17766 1094991876.142857 27.328646 -28.54129 -30.738129 49.824253 -0.158173 0.702988 0.0
17767 1095042415.714286 27.328646 -28.54129 -27.574707 49.824253 -0.158173 0.702988 0.0
17768 1095093656.857143 27.328646 -28.54129 -24.411255 49.824253 0.0 0.702988 0.0
17769 1095146230.142857 27.328646 -28.54129 -21.862915 49.824253 0.0 0.702988 0.0
17770 1095197849.428571 27.328646 -28.54129 -20.017578 49.824253 0.0 0.702988 0.0
17771 1095248804.000000 27.240772 -28.54129 -19.402466 49.824253 0.0 0.702988 0.0
17772 1095300940.428571 27.240772 -28.45343 -19.402466 49.824253 0.0 0.527241 0.0
17773 1095351165.142857 27.240772 -28.45343 -19.402466 49.824253 0.0 0.439367 0.0
17774 1095401188.714286 27.328646 -28.54129 -19.402466 49.824253 0.0 0.439367 0.0
17775 1095454772.571429 27.328646 -28.54129 -19.050964 49.824253 0.0 0.439367 0.0
17776 1095506682.714286 27.328646 -28.45343 -17.9086 49.824253 0.0 0.439367 0.0
17777 1095558324.571429 27.328646 -28.45343 -16.239014 49.824253 0.0 0.439367 0.0
17778 1095608934.428571 27.328646 -28.45343 -14.305817 49.824253 0.0 0.439367 0.0
17779 1095660005.857143 27.328646 -28.54129 -12.284698 49.824253 0.0 0.439367 0.0
17780 1095710053.857143 27.328646 -28.54129 -10.439362 49.824253 0.0 0.439367 0.0
17781 1095761733.000000 27.240772 -28.45343 -8.857635 49.824253 0.0 0.439367 0.0
17782 1095815231.428571 27.240772 -28.45343 -7.715302 49.824253 0.0 0.439367 0.0
17783 1095867086.000000 27.240772 -28.45343 -7.188049 49.824253 0.0 0.175747 0.0
17784 1095917453.571429 27.240772 -28.45343 -7.188049 49.824253 0.0 -0.509674 0.0
17785 1095967789.000000 27.152899 -28.45343 -7.188049 49.824253 0.0 -1.388397 0.0
17786 1096021327.142857 26.977152 -28.54129 -7.188049 49.824253 0.0 -3.058014 0.0
17787 1096072140.428571 26.889278 -28.54129 -7.188049 49.824253 0.0 -4.7276 0.0
17788 1096124553.142857 26.801405 -28.54129 -7.188049 49.824253 0.0 -6.748688 0.0
17789 1096174115.571429 26.889278 -28.54129 -7.188049 49.824253 0.0 -8.594025 0.0
17790 1096227203.142857 26.801405 -28.54129 -7.188049 49.824253 0.0 -10.087891 0.0
17791 1096278479.714286 26.889278 -28.54129 -7.188049 49.824253 0.0 -11.054474 0.0
17792 1096329043.428571 26.801405 -28.54129 -7.188049 49.824253 0.0 -11.318115 0.0
17793 1096381052.857143 26.801405 -28.54129 -7.188049 49.824253 0.0 -11.318115 0.0
17794 1096431741.714286 26.713531 -28.54129 -7.188049 49.736378 0.0 -11.318115 0.0
17795 1096483449.428571 26.537785 -28.54129 -7.188049 49.384884 0.0 -11.318115 0.0
17796 1096535765.285714 26.010544 -28.54129 -7.188049 49.03339 0.0 -11.318115 0.0
17797 1096586363.000000 25.483303 -28.54129 -7.188049 48.769772 0.0 -11.318115 0.0
17798 1096638343.142857 24.868189 -28.54129 -7.188049 48.506149 0.0 -11.318115 0.0
17799 1096689304.000000 24.077328 -28.54129 -7.188049 48.066784 0.0 -11.318115 0.0
17800 1096741930.571429 23.286467 -28.54129 -7.188049 47.71529 0.0 -11.318115 0.0
17801 1096791707.857143 22.495605 -28.54129 -7.188049 47.363796 -0.158173 -11.318115 0.0
17802 1096843755.714286 21.616871 -28.54129 -7.188049 46.836555 0.0 -11.318115 0.0
17803 1096896166.000000 20.82601 -28.54129 -7.188049 46.397186 0.0 -11.318115 0.0
17804 1096947472.285714 20.035149 -28.54129 -7.188049 45.869946 0.0 -11.318115 0.0
17805 1096997861.142857 19.244287 -28.45343 -7.100189 45.342705 0.0 -11.318115 0.0
17806 1097050705.428571 18.5413 -28.45343 -7.100189 44.815464 0.0 -11.318115 0.0
17807 1097100877.857143 17.750439 -28.45343 -6.836548 44.200352 0.0 -11.318115 0.0
17808 1097153429.000000 16.783831 -28.36557 -5.957825 43.585236 0.0 -11.318115 0.0
17809 1097203983.571429 15.817223 -28.277679 -4.376099 42.882248 0.0 -11.318115 0.0
17810 1097256451.714286 14.674868 -28.101929 -2.618622 42.17926 0.0 -11.318115 0.0
17811 1097306626.428571 13.444639 -27.926178 -0.861176 41.476273 0.0 -11.318115 0.0
17812 1097357278.285714 12.126537 -27.574707 0.702988 40.773285 0.0 -11.318115 0.0
17813 1097410842.000000 10.720562 -27.047455 2.02109 39.982426 0.0 -11.318115 0.0
17814 1097462222.571429 9.490334 -26.520203 2.636204 39.455185 0.0 -11.318115 0.0
17815 1097513756.142857 8.523726 -25.90509 3.514938 38.840069 0.0 -11.318115 0.0
17816 1097563343.714286 7.644991 -25.202118 4.130053 38.488575 0.0 -11.318115 0.0
17817 1097616464.714286 7.029877 -24.499115 4.481546 38.137081 0.0 -11.318115 0.0
17818 1097666295.142857 6.326889 -23.884003 5.096661 37.697716 0.0 -11.318115 0.0
17819 1097719730.285714 5.623901 -23.00528 5.623901 37.434093 0.0 -11.318115 0.0
17820 1097771399.000000 5.096661 -22.302277 5.711775 36.994728 0.0 -11.318115 0.0
17821 1097822407.571429 4.481546 -21.687164 5.711775 36.467487 0.0 -11.318115 0.0
17822 1097873924.428571 4.042179 -20.984192 5.711775 36.028118 0.0 -11.318115 0.0
17823 1097925620.857143 3.514938 -20.281189 5.711775 35.413006 0.0 -11.318115 0.0
17824 1097976770.000000 3.163445 -19.666077 5.711775 34.973637 0.0 -11.318115 0.0
17825 1098028586.714286 2.811951 -18.963104 5.711775 34.446396 0.0 -11.318115 0.0
17826 1098080158.571429 2.54833 -18.260101 5.711775 33.831284 0.0 -11.318115 0.0
17827 1098131530.571429 2.108963 -17.469238 5.711775 33.304043 0.0 -11.318115 0.0
17828 1098182998.000000 1.845343 -16.678375 5.711775 32.776802 0.0 -11.318115 0.0
17829 1098234325.714286 1.669596 -15.887512 5.711775 32.073814 0.0 -11.318115 0.0
17830 1098286096.285714 1.493849 -15.096649 5.711775 31.458698 0.0 -11.318115 0.0
17831 1098335960.428571 1.142355 -14.393677 5.711775 30.843584 0.0 -11.318115 0.0
17832 1098386882.714286 0.878735 -13.690674 5.711775 30.22847 0.0 -11.318115 0.0
17833 1098439371.857143 0.615114 -12.987701 5.711775 29.437609 0.0 -11.318115 0.0
17834 1098491700.571429 0.26362 -12.284698 5.711775 28.646748 0.0 -11.318115 0.0
17835 1098542468.857143 0.0 -11.669586 5.799648 27.94376 0.0 -11.318115 0.0
17836 1098593941.000000 -0.333923 -11.142365 6.151142 27.152899 0.0 -11.318115 0.0
17837 1098645829.857143 -0.597534 -10.615112 7.029877 26.362038 0.0 -11.318115 0.0
17838 1098697310.000000 -1.036896 -10.087891 7.908611 25.571177 0.0 -11.318115 0.0
17839 1098748527.857143 -1.476288 -9.472748 8.875219 24.868189 0.0 -11.318115 0.0
17840 1098800589.285714 -2.00351 -9.033386 9.578207 24.077328 0.0 -11.318115 0.0
17841 1098851818.857143 -2.442871 -8.594025 10.193321 23.286467 0.0 -11.318115 0.0
17842 1098901272.285714 -2.882263 -8.066772 10.720562 22.671352 0.0 -11.318115 0.0
17843 1098954549.000000 -3.409485 -7.627411 10.984182 21.968365 0.0 -11.318115 0.0
17844 1099005283.142857 -3.760986 -7.100189 11.159929 21.265377 0.0 -11.318115 0.0
17845 1099056445.000000 -4.200348 -6.748688 11.072056 20.562389 0.0 -11.318115 0.0
17846 1099107993.714286 -4.551849 -6.397186 11.072056 19.859402 0.0 -11.318115 0.0
17847 1099160707.714286 -4.81546 -6.045685 11.072056 19.332161 0.0 -11.318115 0.0
17848 1099211745.571429 -4.903351 -5.782074 11.072056 18.717047 0.0 -11.318115 0.0
17849 1099263627.142857 -4.991211 -5.518463 11.072056 18.189806 0.0 -11.318115 0.0
17850 1099315062.714286 -4.991211 -5.342712 11.072056 17.662565 0.0 -11.318115 0.0
17851 1099366307.857143 -4.991211 -5.166962 11.072056 17.135324 0.0 -11.318115 0.0
17852 1099418118.000000 -5.254822 -4.903351 11.072056 16.52021 0.0 -11.318115 0.0
17853 1099468570.857143 -5.430573 -4.7276 11.072056 16.080843 0.0 -11.318115 0.0
17854 1099521195.571429 -5.518463 -4.639709 11.072056 15.553602 0.0 -11.318115 0.0
17855 1099570689.000000 -5.606323 -4.639709 11.072056 15.114235 0.0 -11.318115 0.0
17856 1099623578.285714 -5.606323 -4.639709 11.072056 14.674868 0.0 -11.318115 0.0
17857 1099674377.857143 -5.606323 -4.639709 11.072056 14.147627 0.0 -11.318115 0.0
17858 1099726813.142857 -5.606323 -4.639709 11.072056 13.70826 0.0 -11.318115 0.0
17859 1099778064.142857 -5.606323 -4.639709 11.072056 13.356766 0.0 -11.318115 0.0
17860 1099829110.714286 -5.606323 -4.639709 10.984182 13.181019 0.0 -11.318115 0.0
17861 1099879153.285714 -5.606323 -4.639709 10.984182 13.181019 0.0 -11.318115 0.0
17862 1099932107.571429 -5.606323 -4.639709 10.896309 13.181019 0.0 -11.230225 0.0
17863 1099984146.714286 -5.606323 -4.639709 10.896309 13.181019 0.0 -11.230225 0.0
17864 1100035375.428571 -5.606323 -4.639709 10.896309 13.181019 0.0 -11.230225 0.0
17865 1100086979.285714 -5.606323 -4.639709 10.808435 13.181019 0.0 -11.230225 0.0
17866 1100138676.428571 -5.606323 -4.639709 10.808435 13.181019 0.0 -11.230225 0.0
17867 1100189675.428571 -5.606323 -4.639709 10.808435 13.181019 0.0 -11.230225 0.0
17868 1100240894.857143 -5.518463 -4.639709 10.808435 13.181019 0.0 -11.230225 0.0
17869 1100291081.714286 -5.518463 -4.639709 10.808435 13.181019 0.0 -11.230225 0.0
17870 1100344094.857143 -5.518463 -4.639709 10.808435 13.181019 0.0 -11.230225 0.0
17871 1100395573.857143 -5.518463 -4.639709 10.720562 13.181019 0.0 -11.230225 0.0
17872 1100446738.142857 -5.518463 -4.639709 10.808435 13.181019 0.0 -11.230225 0.0
17873 1100497260.571429 -5.518463 -4.639709 10.808435 13.181019 0.0 -11.230225 0.0
17874 1100550266.428571 -5.518463 -4.639709 10.808435 13.181019 0.0 -11.230225 0.0
17875 1100600938.000000 -5.518463 -4.639709 10.808435 13.181019 0.0 -11.230225 0.0
17876 1100652050.857143 -5.518463 -4.639709 10.808435 13.181019 0.0 -11.230225 0.0
17877 1100703004.714286 -5.518463 -4.639709 10.808435 13.181019 0.0 -11.230225 0.0
17878 1100756288.571429 -5.518463 -4.639709 10.808435 13.181019 0.0 -11.230225 0.0
17879 1100807669.428571 -5.518463 -4.639709 10.808435 13.181019 0.0 -11.230225 0.0
17880 1100859304.857143 -5.518463 -4.639709 10.808435 13.181019 0.0 -11.230225 0.0
17881 1100910665.714286 -5.518463 -4.639709 10.808435 13.181019 0.0 -11.230225 0.0
17882 1100962136.857143 -5.518463 -4.639709 10.808435 13.181019 0.0 -11.230225 0.0
17883 1101013576.714286 -5.518463 -4.639709 10.808435 13.181019 0.0 -11.230225 0.0
17884 1101065033.142857 -5.518463 -4.639709 10.808435 13.181019 0.0 -11.230225 0.0
17885 1101116449.571429 -5.518463 -4.639709 10.808435 13.181019 0.0 -11.230225 0.0
17886 1101167995.571429 -5.518463 -4.639709 10.808435 13.181019 0.0 -11.230225 0.0
17887 1101219465.285714 -5.518463 -4.639709 10.808435 13.181019 0.0 -11.230225 0.0
17888 1101270762.571429 -5.518463 -4.639709 10.808435 13.181019 0.0 -11.230225 0.0
17889 1101321978.571429 -5.518463 -4.639709 10.808435 13.181019 0.0 -11.230225 0.0
17890 1101373623.857143 -5.518463 -4.639709 10.808435 13.181019 0.0 -11.230225 0.0
17891 1101424467.285714 -5.518463 -4.639709 10.808435 13.181019 0.0 -11.230225 0.0
17892 1101476325.142857 -5.518463 -4.639709 10.808435 13.181019 0.0 -11.230225 0.0
17893 1101527989.714286 -5.518463 -4.639709 10.808435 13.181019 0.0 -11.230225 0.0
17894 1101579526.428571 -5.518463 -4.639709 10.808435 13.181019 0.0 -11.230225 0.0
17895 1101630279.285714 -5.518463 -4.639709 10.808435 13.181019 0.0 -11.230225 0.0
